{
 "cells": [
  {
   "cell_type": "markdown",
   "metadata": {},
   "source": [
    "# 1. Importing stuff"
   ]
  },
  {
   "cell_type": "code",
   "execution_count": 1,
   "metadata": {},
   "outputs": [],
   "source": [
    "import pandas as pd\n",
    "import seaborn as sns\n",
    "from sklearn.linear_model import LinearRegression\n",
    "from sklearn import metrics\n",
    "import numpy as np"
   ]
  },
  {
   "cell_type": "markdown",
   "metadata": {},
   "source": [
    "# 2. Reading data"
   ]
  },
  {
   "cell_type": "code",
   "execution_count": 39,
   "metadata": {},
   "outputs": [
    {
     "data": {
      "text/html": [
       "<div>\n",
       "<style scoped>\n",
       "    .dataframe tbody tr th:only-of-type {\n",
       "        vertical-align: middle;\n",
       "    }\n",
       "\n",
       "    .dataframe tbody tr th {\n",
       "        vertical-align: top;\n",
       "    }\n",
       "\n",
       "    .dataframe thead th {\n",
       "        text-align: right;\n",
       "    }\n",
       "</style>\n",
       "<table border=\"1\" class=\"dataframe\">\n",
       "  <thead>\n",
       "    <tr style=\"text-align: right;\">\n",
       "      <th></th>\n",
       "      <th>datetime</th>\n",
       "      <th>season</th>\n",
       "      <th>holiday</th>\n",
       "      <th>workingday</th>\n",
       "      <th>weather</th>\n",
       "      <th>temp</th>\n",
       "      <th>atemp</th>\n",
       "      <th>humidity</th>\n",
       "      <th>windspeed</th>\n",
       "      <th>casual</th>\n",
       "      <th>registered</th>\n",
       "      <th>count</th>\n",
       "    </tr>\n",
       "  </thead>\n",
       "  <tbody>\n",
       "    <tr>\n",
       "      <th>0</th>\n",
       "      <td>2011-01-01 00:00:00</td>\n",
       "      <td>1</td>\n",
       "      <td>0</td>\n",
       "      <td>0</td>\n",
       "      <td>1</td>\n",
       "      <td>9.84</td>\n",
       "      <td>14.395</td>\n",
       "      <td>81</td>\n",
       "      <td>0.0</td>\n",
       "      <td>3</td>\n",
       "      <td>13</td>\n",
       "      <td>16</td>\n",
       "    </tr>\n",
       "    <tr>\n",
       "      <th>1</th>\n",
       "      <td>2011-01-01 01:00:00</td>\n",
       "      <td>1</td>\n",
       "      <td>0</td>\n",
       "      <td>0</td>\n",
       "      <td>1</td>\n",
       "      <td>9.02</td>\n",
       "      <td>13.635</td>\n",
       "      <td>80</td>\n",
       "      <td>0.0</td>\n",
       "      <td>8</td>\n",
       "      <td>32</td>\n",
       "      <td>40</td>\n",
       "    </tr>\n",
       "    <tr>\n",
       "      <th>2</th>\n",
       "      <td>2011-01-01 02:00:00</td>\n",
       "      <td>1</td>\n",
       "      <td>0</td>\n",
       "      <td>0</td>\n",
       "      <td>1</td>\n",
       "      <td>9.02</td>\n",
       "      <td>13.635</td>\n",
       "      <td>80</td>\n",
       "      <td>0.0</td>\n",
       "      <td>5</td>\n",
       "      <td>27</td>\n",
       "      <td>32</td>\n",
       "    </tr>\n",
       "    <tr>\n",
       "      <th>3</th>\n",
       "      <td>2011-01-01 03:00:00</td>\n",
       "      <td>1</td>\n",
       "      <td>0</td>\n",
       "      <td>0</td>\n",
       "      <td>1</td>\n",
       "      <td>9.84</td>\n",
       "      <td>14.395</td>\n",
       "      <td>75</td>\n",
       "      <td>0.0</td>\n",
       "      <td>3</td>\n",
       "      <td>10</td>\n",
       "      <td>13</td>\n",
       "    </tr>\n",
       "    <tr>\n",
       "      <th>4</th>\n",
       "      <td>2011-01-01 04:00:00</td>\n",
       "      <td>1</td>\n",
       "      <td>0</td>\n",
       "      <td>0</td>\n",
       "      <td>1</td>\n",
       "      <td>9.84</td>\n",
       "      <td>14.395</td>\n",
       "      <td>75</td>\n",
       "      <td>0.0</td>\n",
       "      <td>0</td>\n",
       "      <td>1</td>\n",
       "      <td>1</td>\n",
       "    </tr>\n",
       "  </tbody>\n",
       "</table>\n",
       "</div>"
      ],
      "text/plain": [
       "              datetime  season  holiday  workingday  weather  temp   atemp  \\\n",
       "0  2011-01-01 00:00:00       1        0           0        1  9.84  14.395   \n",
       "1  2011-01-01 01:00:00       1        0           0        1  9.02  13.635   \n",
       "2  2011-01-01 02:00:00       1        0           0        1  9.02  13.635   \n",
       "3  2011-01-01 03:00:00       1        0           0        1  9.84  14.395   \n",
       "4  2011-01-01 04:00:00       1        0           0        1  9.84  14.395   \n",
       "\n",
       "   humidity  windspeed  casual  registered  count  \n",
       "0        81        0.0       3          13     16  \n",
       "1        80        0.0       8          32     40  \n",
       "2        80        0.0       5          27     32  \n",
       "3        75        0.0       3          10     13  \n",
       "4        75        0.0       0           1      1  "
      ]
     },
     "execution_count": 39,
     "metadata": {},
     "output_type": "execute_result"
    }
   ],
   "source": [
    "df = pd.read_csv('train (1).csv')\n",
    "df.head()"
   ]
  },
  {
   "cell_type": "code",
   "execution_count": 3,
   "metadata": {},
   "outputs": [
    {
     "data": {
      "text/html": [
       "<div>\n",
       "<style scoped>\n",
       "    .dataframe tbody tr th:only-of-type {\n",
       "        vertical-align: middle;\n",
       "    }\n",
       "\n",
       "    .dataframe tbody tr th {\n",
       "        vertical-align: top;\n",
       "    }\n",
       "\n",
       "    .dataframe thead th {\n",
       "        text-align: right;\n",
       "    }\n",
       "</style>\n",
       "<table border=\"1\" class=\"dataframe\">\n",
       "  <thead>\n",
       "    <tr style=\"text-align: right;\">\n",
       "      <th></th>\n",
       "      <th>season</th>\n",
       "      <th>holiday</th>\n",
       "      <th>workingday</th>\n",
       "      <th>weather</th>\n",
       "      <th>temp</th>\n",
       "      <th>atemp</th>\n",
       "      <th>humidity</th>\n",
       "      <th>windspeed</th>\n",
       "      <th>casual</th>\n",
       "      <th>registered</th>\n",
       "      <th>count</th>\n",
       "      <th>month</th>\n",
       "      <th>hour</th>\n",
       "      <th>weekday</th>\n",
       "    </tr>\n",
       "  </thead>\n",
       "  <tbody>\n",
       "    <tr>\n",
       "      <th>season</th>\n",
       "      <td>1.000000</td>\n",
       "      <td>0.029368</td>\n",
       "      <td>-0.008126</td>\n",
       "      <td>0.008879</td>\n",
       "      <td>0.258689</td>\n",
       "      <td>0.264744</td>\n",
       "      <td>0.190610</td>\n",
       "      <td>-0.147121</td>\n",
       "      <td>0.096758</td>\n",
       "      <td>0.164011</td>\n",
       "      <td>0.163439</td>\n",
       "      <td>0.971524</td>\n",
       "      <td>-0.006546</td>\n",
       "      <td>-0.010553</td>\n",
       "    </tr>\n",
       "    <tr>\n",
       "      <th>holiday</th>\n",
       "      <td>0.029368</td>\n",
       "      <td>1.000000</td>\n",
       "      <td>-0.250491</td>\n",
       "      <td>-0.007074</td>\n",
       "      <td>0.000295</td>\n",
       "      <td>-0.005215</td>\n",
       "      <td>0.001929</td>\n",
       "      <td>0.008409</td>\n",
       "      <td>0.043799</td>\n",
       "      <td>-0.020956</td>\n",
       "      <td>-0.005393</td>\n",
       "      <td>0.001731</td>\n",
       "      <td>-0.000354</td>\n",
       "      <td>-0.191832</td>\n",
       "    </tr>\n",
       "    <tr>\n",
       "      <th>workingday</th>\n",
       "      <td>-0.008126</td>\n",
       "      <td>-0.250491</td>\n",
       "      <td>1.000000</td>\n",
       "      <td>0.033772</td>\n",
       "      <td>0.029966</td>\n",
       "      <td>0.024660</td>\n",
       "      <td>-0.010880</td>\n",
       "      <td>0.013373</td>\n",
       "      <td>-0.319111</td>\n",
       "      <td>0.119460</td>\n",
       "      <td>0.011594</td>\n",
       "      <td>-0.003394</td>\n",
       "      <td>0.002780</td>\n",
       "      <td>-0.704267</td>\n",
       "    </tr>\n",
       "    <tr>\n",
       "      <th>weather</th>\n",
       "      <td>0.008879</td>\n",
       "      <td>-0.007074</td>\n",
       "      <td>0.033772</td>\n",
       "      <td>1.000000</td>\n",
       "      <td>-0.055035</td>\n",
       "      <td>-0.055376</td>\n",
       "      <td>0.406244</td>\n",
       "      <td>0.007261</td>\n",
       "      <td>-0.135918</td>\n",
       "      <td>-0.109340</td>\n",
       "      <td>-0.128655</td>\n",
       "      <td>0.012144</td>\n",
       "      <td>-0.022740</td>\n",
       "      <td>-0.047692</td>\n",
       "    </tr>\n",
       "    <tr>\n",
       "      <th>temp</th>\n",
       "      <td>0.258689</td>\n",
       "      <td>0.000295</td>\n",
       "      <td>0.029966</td>\n",
       "      <td>-0.055035</td>\n",
       "      <td>1.000000</td>\n",
       "      <td>0.984948</td>\n",
       "      <td>-0.064949</td>\n",
       "      <td>-0.017852</td>\n",
       "      <td>0.467097</td>\n",
       "      <td>0.318571</td>\n",
       "      <td>0.394454</td>\n",
       "      <td>0.257589</td>\n",
       "      <td>0.145430</td>\n",
       "      <td>-0.038466</td>\n",
       "    </tr>\n",
       "    <tr>\n",
       "      <th>atemp</th>\n",
       "      <td>0.264744</td>\n",
       "      <td>-0.005215</td>\n",
       "      <td>0.024660</td>\n",
       "      <td>-0.055376</td>\n",
       "      <td>0.984948</td>\n",
       "      <td>1.000000</td>\n",
       "      <td>-0.043536</td>\n",
       "      <td>-0.057473</td>\n",
       "      <td>0.462067</td>\n",
       "      <td>0.314635</td>\n",
       "      <td>0.389784</td>\n",
       "      <td>0.264173</td>\n",
       "      <td>0.140343</td>\n",
       "      <td>-0.040235</td>\n",
       "    </tr>\n",
       "    <tr>\n",
       "      <th>humidity</th>\n",
       "      <td>0.190610</td>\n",
       "      <td>0.001929</td>\n",
       "      <td>-0.010880</td>\n",
       "      <td>0.406244</td>\n",
       "      <td>-0.064949</td>\n",
       "      <td>-0.043536</td>\n",
       "      <td>1.000000</td>\n",
       "      <td>-0.318607</td>\n",
       "      <td>-0.348187</td>\n",
       "      <td>-0.265458</td>\n",
       "      <td>-0.317371</td>\n",
       "      <td>0.204537</td>\n",
       "      <td>-0.278011</td>\n",
       "      <td>-0.026507</td>\n",
       "    </tr>\n",
       "    <tr>\n",
       "      <th>windspeed</th>\n",
       "      <td>-0.147121</td>\n",
       "      <td>0.008409</td>\n",
       "      <td>0.013373</td>\n",
       "      <td>0.007261</td>\n",
       "      <td>-0.017852</td>\n",
       "      <td>-0.057473</td>\n",
       "      <td>-0.318607</td>\n",
       "      <td>1.000000</td>\n",
       "      <td>0.092276</td>\n",
       "      <td>0.091052</td>\n",
       "      <td>0.101369</td>\n",
       "      <td>-0.150192</td>\n",
       "      <td>0.146631</td>\n",
       "      <td>-0.024804</td>\n",
       "    </tr>\n",
       "    <tr>\n",
       "      <th>casual</th>\n",
       "      <td>0.096758</td>\n",
       "      <td>0.043799</td>\n",
       "      <td>-0.319111</td>\n",
       "      <td>-0.135918</td>\n",
       "      <td>0.467097</td>\n",
       "      <td>0.462067</td>\n",
       "      <td>-0.348187</td>\n",
       "      <td>0.092276</td>\n",
       "      <td>1.000000</td>\n",
       "      <td>0.497250</td>\n",
       "      <td>0.690414</td>\n",
       "      <td>0.092722</td>\n",
       "      <td>0.302045</td>\n",
       "      <td>0.246959</td>\n",
       "    </tr>\n",
       "    <tr>\n",
       "      <th>registered</th>\n",
       "      <td>0.164011</td>\n",
       "      <td>-0.020956</td>\n",
       "      <td>0.119460</td>\n",
       "      <td>-0.109340</td>\n",
       "      <td>0.318571</td>\n",
       "      <td>0.314635</td>\n",
       "      <td>-0.265458</td>\n",
       "      <td>0.091052</td>\n",
       "      <td>0.497250</td>\n",
       "      <td>1.000000</td>\n",
       "      <td>0.970948</td>\n",
       "      <td>0.169451</td>\n",
       "      <td>0.380540</td>\n",
       "      <td>-0.084427</td>\n",
       "    </tr>\n",
       "    <tr>\n",
       "      <th>count</th>\n",
       "      <td>0.163439</td>\n",
       "      <td>-0.005393</td>\n",
       "      <td>0.011594</td>\n",
       "      <td>-0.128655</td>\n",
       "      <td>0.394454</td>\n",
       "      <td>0.389784</td>\n",
       "      <td>-0.317371</td>\n",
       "      <td>0.101369</td>\n",
       "      <td>0.690414</td>\n",
       "      <td>0.970948</td>\n",
       "      <td>1.000000</td>\n",
       "      <td>0.166862</td>\n",
       "      <td>0.400601</td>\n",
       "      <td>-0.002283</td>\n",
       "    </tr>\n",
       "    <tr>\n",
       "      <th>month</th>\n",
       "      <td>0.971524</td>\n",
       "      <td>0.001731</td>\n",
       "      <td>-0.003394</td>\n",
       "      <td>0.012144</td>\n",
       "      <td>0.257589</td>\n",
       "      <td>0.264173</td>\n",
       "      <td>0.204537</td>\n",
       "      <td>-0.150192</td>\n",
       "      <td>0.092722</td>\n",
       "      <td>0.169451</td>\n",
       "      <td>0.166862</td>\n",
       "      <td>1.000000</td>\n",
       "      <td>-0.006818</td>\n",
       "      <td>-0.002266</td>\n",
       "    </tr>\n",
       "    <tr>\n",
       "      <th>hour</th>\n",
       "      <td>-0.006546</td>\n",
       "      <td>-0.000354</td>\n",
       "      <td>0.002780</td>\n",
       "      <td>-0.022740</td>\n",
       "      <td>0.145430</td>\n",
       "      <td>0.140343</td>\n",
       "      <td>-0.278011</td>\n",
       "      <td>0.146631</td>\n",
       "      <td>0.302045</td>\n",
       "      <td>0.380540</td>\n",
       "      <td>0.400601</td>\n",
       "      <td>-0.006818</td>\n",
       "      <td>1.000000</td>\n",
       "      <td>-0.002925</td>\n",
       "    </tr>\n",
       "    <tr>\n",
       "      <th>weekday</th>\n",
       "      <td>-0.010553</td>\n",
       "      <td>-0.191832</td>\n",
       "      <td>-0.704267</td>\n",
       "      <td>-0.047692</td>\n",
       "      <td>-0.038466</td>\n",
       "      <td>-0.040235</td>\n",
       "      <td>-0.026507</td>\n",
       "      <td>-0.024804</td>\n",
       "      <td>0.246959</td>\n",
       "      <td>-0.084427</td>\n",
       "      <td>-0.002283</td>\n",
       "      <td>-0.002266</td>\n",
       "      <td>-0.002925</td>\n",
       "      <td>1.000000</td>\n",
       "    </tr>\n",
       "  </tbody>\n",
       "</table>\n",
       "</div>"
      ],
      "text/plain": [
       "              season   holiday  workingday   weather      temp     atemp  \\\n",
       "season      1.000000  0.029368   -0.008126  0.008879  0.258689  0.264744   \n",
       "holiday     0.029368  1.000000   -0.250491 -0.007074  0.000295 -0.005215   \n",
       "workingday -0.008126 -0.250491    1.000000  0.033772  0.029966  0.024660   \n",
       "weather     0.008879 -0.007074    0.033772  1.000000 -0.055035 -0.055376   \n",
       "temp        0.258689  0.000295    0.029966 -0.055035  1.000000  0.984948   \n",
       "atemp       0.264744 -0.005215    0.024660 -0.055376  0.984948  1.000000   \n",
       "humidity    0.190610  0.001929   -0.010880  0.406244 -0.064949 -0.043536   \n",
       "windspeed  -0.147121  0.008409    0.013373  0.007261 -0.017852 -0.057473   \n",
       "casual      0.096758  0.043799   -0.319111 -0.135918  0.467097  0.462067   \n",
       "registered  0.164011 -0.020956    0.119460 -0.109340  0.318571  0.314635   \n",
       "count       0.163439 -0.005393    0.011594 -0.128655  0.394454  0.389784   \n",
       "month       0.971524  0.001731   -0.003394  0.012144  0.257589  0.264173   \n",
       "hour       -0.006546 -0.000354    0.002780 -0.022740  0.145430  0.140343   \n",
       "weekday    -0.010553 -0.191832   -0.704267 -0.047692 -0.038466 -0.040235   \n",
       "\n",
       "            humidity  windspeed    casual  registered     count     month  \\\n",
       "season      0.190610  -0.147121  0.096758    0.164011  0.163439  0.971524   \n",
       "holiday     0.001929   0.008409  0.043799   -0.020956 -0.005393  0.001731   \n",
       "workingday -0.010880   0.013373 -0.319111    0.119460  0.011594 -0.003394   \n",
       "weather     0.406244   0.007261 -0.135918   -0.109340 -0.128655  0.012144   \n",
       "temp       -0.064949  -0.017852  0.467097    0.318571  0.394454  0.257589   \n",
       "atemp      -0.043536  -0.057473  0.462067    0.314635  0.389784  0.264173   \n",
       "humidity    1.000000  -0.318607 -0.348187   -0.265458 -0.317371  0.204537   \n",
       "windspeed  -0.318607   1.000000  0.092276    0.091052  0.101369 -0.150192   \n",
       "casual     -0.348187   0.092276  1.000000    0.497250  0.690414  0.092722   \n",
       "registered -0.265458   0.091052  0.497250    1.000000  0.970948  0.169451   \n",
       "count      -0.317371   0.101369  0.690414    0.970948  1.000000  0.166862   \n",
       "month       0.204537  -0.150192  0.092722    0.169451  0.166862  1.000000   \n",
       "hour       -0.278011   0.146631  0.302045    0.380540  0.400601 -0.006818   \n",
       "weekday    -0.026507  -0.024804  0.246959   -0.084427 -0.002283 -0.002266   \n",
       "\n",
       "                hour   weekday  \n",
       "season     -0.006546 -0.010553  \n",
       "holiday    -0.000354 -0.191832  \n",
       "workingday  0.002780 -0.704267  \n",
       "weather    -0.022740 -0.047692  \n",
       "temp        0.145430 -0.038466  \n",
       "atemp       0.140343 -0.040235  \n",
       "humidity   -0.278011 -0.026507  \n",
       "windspeed   0.146631 -0.024804  \n",
       "casual      0.302045  0.246959  \n",
       "registered  0.380540 -0.084427  \n",
       "count       0.400601 -0.002283  \n",
       "month      -0.006818 -0.002266  \n",
       "hour        1.000000 -0.002925  \n",
       "weekday    -0.002925  1.000000  "
      ]
     },
     "execution_count": 3,
     "metadata": {},
     "output_type": "execute_result"
    }
   ],
   "source": [
    "df['datetime'] = pd.to_datetime(df['datetime'])\n",
    "df['month'] = df['datetime'].dt.month\n",
    "df['hour'] = df['datetime'].dt.hour\n",
    "df['weekday'] = df['datetime'].dt.weekday\n",
    "df.head(0)\n",
    "df.corr()"
   ]
  },
  {
   "cell_type": "code",
   "execution_count": 4,
   "metadata": {},
   "outputs": [],
   "source": [
    "categoryVariableList = [\"hour\",\"weekday\",\"month\",\"season\",\"weather\",\"holiday\",\"workingday\"]\n",
    "for var in categoryVariableList:\n",
    "    df[var] = df[var].astype(\"category\")"
   ]
  },
  {
   "cell_type": "markdown",
   "metadata": {},
   "source": [
    "# 3. X, y values"
   ]
  },
  {
   "cell_type": "code",
   "execution_count": 5,
   "metadata": {},
   "outputs": [],
   "source": [
    "X = df[['season', 'holiday', 'workingday', 'weather', 'temp', 'atemp', 'humidity', 'windspeed', 'month', 'hour',\n",
    "       'weekday']]\n",
    "y = df['count']"
   ]
  },
  {
   "cell_type": "markdown",
   "metadata": {},
   "source": [
    "# 4. Train/Test Split"
   ]
  },
  {
   "cell_type": "code",
   "execution_count": 6,
   "metadata": {},
   "outputs": [],
   "source": [
    "from sklearn.model_selection import train_test_split\n",
    "X_train, X_test, y_train, y_test = train_test_split(X, y, random_state=42)"
   ]
  },
  {
   "cell_type": "markdown",
   "metadata": {},
   "source": [
    "# 5. Exploratory Data Analysis"
   ]
  },
  {
   "cell_type": "code",
   "execution_count": 7,
   "metadata": {},
   "outputs": [
    {
     "data": {
      "text/html": [
       "<div>\n",
       "<style scoped>\n",
       "    .dataframe tbody tr th:only-of-type {\n",
       "        vertical-align: middle;\n",
       "    }\n",
       "\n",
       "    .dataframe tbody tr th {\n",
       "        vertical-align: top;\n",
       "    }\n",
       "\n",
       "    .dataframe thead th {\n",
       "        text-align: right;\n",
       "    }\n",
       "</style>\n",
       "<table border=\"1\" class=\"dataframe\">\n",
       "  <thead>\n",
       "    <tr style=\"text-align: right;\">\n",
       "      <th></th>\n",
       "      <th>temp</th>\n",
       "      <th>atemp</th>\n",
       "      <th>humidity</th>\n",
       "      <th>windspeed</th>\n",
       "      <th>casual</th>\n",
       "      <th>registered</th>\n",
       "      <th>count</th>\n",
       "    </tr>\n",
       "  </thead>\n",
       "  <tbody>\n",
       "    <tr>\n",
       "      <th>temp</th>\n",
       "      <td>1.000000</td>\n",
       "      <td>0.984948</td>\n",
       "      <td>-0.064949</td>\n",
       "      <td>-0.017852</td>\n",
       "      <td>0.467097</td>\n",
       "      <td>0.318571</td>\n",
       "      <td>0.394454</td>\n",
       "    </tr>\n",
       "    <tr>\n",
       "      <th>atemp</th>\n",
       "      <td>0.984948</td>\n",
       "      <td>1.000000</td>\n",
       "      <td>-0.043536</td>\n",
       "      <td>-0.057473</td>\n",
       "      <td>0.462067</td>\n",
       "      <td>0.314635</td>\n",
       "      <td>0.389784</td>\n",
       "    </tr>\n",
       "    <tr>\n",
       "      <th>humidity</th>\n",
       "      <td>-0.064949</td>\n",
       "      <td>-0.043536</td>\n",
       "      <td>1.000000</td>\n",
       "      <td>-0.318607</td>\n",
       "      <td>-0.348187</td>\n",
       "      <td>-0.265458</td>\n",
       "      <td>-0.317371</td>\n",
       "    </tr>\n",
       "    <tr>\n",
       "      <th>windspeed</th>\n",
       "      <td>-0.017852</td>\n",
       "      <td>-0.057473</td>\n",
       "      <td>-0.318607</td>\n",
       "      <td>1.000000</td>\n",
       "      <td>0.092276</td>\n",
       "      <td>0.091052</td>\n",
       "      <td>0.101369</td>\n",
       "    </tr>\n",
       "    <tr>\n",
       "      <th>casual</th>\n",
       "      <td>0.467097</td>\n",
       "      <td>0.462067</td>\n",
       "      <td>-0.348187</td>\n",
       "      <td>0.092276</td>\n",
       "      <td>1.000000</td>\n",
       "      <td>0.497250</td>\n",
       "      <td>0.690414</td>\n",
       "    </tr>\n",
       "    <tr>\n",
       "      <th>registered</th>\n",
       "      <td>0.318571</td>\n",
       "      <td>0.314635</td>\n",
       "      <td>-0.265458</td>\n",
       "      <td>0.091052</td>\n",
       "      <td>0.497250</td>\n",
       "      <td>1.000000</td>\n",
       "      <td>0.970948</td>\n",
       "    </tr>\n",
       "    <tr>\n",
       "      <th>count</th>\n",
       "      <td>0.394454</td>\n",
       "      <td>0.389784</td>\n",
       "      <td>-0.317371</td>\n",
       "      <td>0.101369</td>\n",
       "      <td>0.690414</td>\n",
       "      <td>0.970948</td>\n",
       "      <td>1.000000</td>\n",
       "    </tr>\n",
       "  </tbody>\n",
       "</table>\n",
       "</div>"
      ],
      "text/plain": [
       "                temp     atemp  humidity  windspeed    casual  registered  \\\n",
       "temp        1.000000  0.984948 -0.064949  -0.017852  0.467097    0.318571   \n",
       "atemp       0.984948  1.000000 -0.043536  -0.057473  0.462067    0.314635   \n",
       "humidity   -0.064949 -0.043536  1.000000  -0.318607 -0.348187   -0.265458   \n",
       "windspeed  -0.017852 -0.057473 -0.318607   1.000000  0.092276    0.091052   \n",
       "casual      0.467097  0.462067 -0.348187   0.092276  1.000000    0.497250   \n",
       "registered  0.318571  0.314635 -0.265458   0.091052  0.497250    1.000000   \n",
       "count       0.394454  0.389784 -0.317371   0.101369  0.690414    0.970948   \n",
       "\n",
       "               count  \n",
       "temp        0.394454  \n",
       "atemp       0.389784  \n",
       "humidity   -0.317371  \n",
       "windspeed   0.101369  \n",
       "casual      0.690414  \n",
       "registered  0.970948  \n",
       "count       1.000000  "
      ]
     },
     "execution_count": 7,
     "metadata": {},
     "output_type": "execute_result"
    }
   ],
   "source": [
    "df.corr()"
   ]
  },
  {
   "cell_type": "markdown",
   "metadata": {},
   "source": [
    "# Building/Training a Model"
   ]
  },
  {
   "cell_type": "code",
   "execution_count": 8,
   "metadata": {},
   "outputs": [],
   "source": [
    "from sklearn.tree import DecisionTreeRegressor"
   ]
  },
  {
   "cell_type": "code",
   "execution_count": 9,
   "metadata": {},
   "outputs": [],
   "source": [
    "dtr = DecisionTreeRegressor()"
   ]
  },
  {
   "cell_type": "code",
   "execution_count": 10,
   "metadata": {},
   "outputs": [
    {
     "data": {
      "text/plain": [
       "DecisionTreeRegressor(criterion='mse', max_depth=None, max_features=None,\n",
       "                      max_leaf_nodes=None, min_impurity_decrease=0.0,\n",
       "                      min_impurity_split=None, min_samples_leaf=1,\n",
       "                      min_samples_split=2, min_weight_fraction_leaf=0.0,\n",
       "                      presort=False, random_state=None, splitter='best')"
      ]
     },
     "execution_count": 10,
     "metadata": {},
     "output_type": "execute_result"
    }
   ],
   "source": [
    "dtr.fit(X_train, np.log(y_train))"
   ]
  },
  {
   "cell_type": "code",
   "execution_count": 11,
   "metadata": {},
   "outputs": [],
   "source": [
    "ypred = dtr.predict(X_train)\n",
    "ypred_test = dtr.predict(X_test)"
   ]
  },
  {
   "cell_type": "code",
   "execution_count": 12,
   "metadata": {},
   "outputs": [],
   "source": [
    "from sklearn.metrics import mean_squared_log_error"
   ]
  },
  {
   "cell_type": "code",
   "execution_count": 13,
   "metadata": {},
   "outputs": [
    {
     "data": {
      "text/plain": [
       "0.0037865764284111605"
      ]
     },
     "execution_count": 13,
     "metadata": {},
     "output_type": "execute_result"
    }
   ],
   "source": [
    "np.sqrt(mean_squared_log_error(y_train, np.exp(ypred)))"
   ]
  },
  {
   "cell_type": "code",
   "execution_count": 14,
   "metadata": {},
   "outputs": [
    {
     "data": {
      "text/plain": [
       "0.5324448191694592"
      ]
     },
     "execution_count": 14,
     "metadata": {},
     "output_type": "execute_result"
    }
   ],
   "source": [
    "np.sqrt(mean_squared_log_error(y_test, np.exp(ypred_test)))"
   ]
  },
  {
   "cell_type": "code",
   "execution_count": 15,
   "metadata": {},
   "outputs": [],
   "source": [
    "from sklearn.ensemble import RandomForestRegressor"
   ]
  },
  {
   "cell_type": "code",
   "execution_count": 16,
   "metadata": {},
   "outputs": [],
   "source": [
    "rfr = RandomForestRegressor()"
   ]
  },
  {
   "cell_type": "code",
   "execution_count": 17,
   "metadata": {},
   "outputs": [
    {
     "name": "stderr",
     "output_type": "stream",
     "text": [
      "/Library/Frameworks/Python.framework/Versions/3.7/lib/python3.7/site-packages/sklearn/ensemble/forest.py:245: FutureWarning: The default value of n_estimators will change from 10 in version 0.20 to 100 in 0.22.\n",
      "  \"10 in version 0.20 to 100 in 0.22.\", FutureWarning)\n"
     ]
    },
    {
     "data": {
      "text/plain": [
       "RandomForestRegressor(bootstrap=True, criterion='mse', max_depth=None,\n",
       "                      max_features='auto', max_leaf_nodes=None,\n",
       "                      min_impurity_decrease=0.0, min_impurity_split=None,\n",
       "                      min_samples_leaf=1, min_samples_split=2,\n",
       "                      min_weight_fraction_leaf=0.0, n_estimators=10,\n",
       "                      n_jobs=None, oob_score=False, random_state=None,\n",
       "                      verbose=0, warm_start=False)"
      ]
     },
     "execution_count": 17,
     "metadata": {},
     "output_type": "execute_result"
    }
   ],
   "source": [
    "rfr.fit(X_train, y_train)"
   ]
  },
  {
   "cell_type": "code",
   "execution_count": 18,
   "metadata": {},
   "outputs": [],
   "source": [
    "ypred1 = rfr.predict(X_train)"
   ]
  },
  {
   "cell_type": "code",
   "execution_count": 19,
   "metadata": {},
   "outputs": [],
   "source": [
    "ypred2 = rfr.predict(X_test)"
   ]
  },
  {
   "cell_type": "code",
   "execution_count": 20,
   "metadata": {},
   "outputs": [
    {
     "data": {
      "text/plain": [
       "0.20281569720831089"
      ]
     },
     "execution_count": 20,
     "metadata": {},
     "output_type": "execute_result"
    }
   ],
   "source": [
    "np.sqrt(mean_squared_log_error(y_train, ypred1))"
   ]
  },
  {
   "cell_type": "code",
   "execution_count": 21,
   "metadata": {},
   "outputs": [
    {
     "data": {
      "text/plain": [
       "0.4211485881865081"
      ]
     },
     "execution_count": 21,
     "metadata": {},
     "output_type": "execute_result"
    }
   ],
   "source": [
    "np.sqrt(mean_squared_log_error(y_test, ypred2))"
   ]
  },
  {
   "cell_type": "code",
   "execution_count": 22,
   "metadata": {},
   "outputs": [],
   "source": [
    "df_test = pd.read_csv('test.csv')"
   ]
  },
  {
   "cell_type": "code",
   "execution_count": 23,
   "metadata": {},
   "outputs": [],
   "source": [
    "df_test['datetime'] = pd.to_datetime(df_test['datetime'])"
   ]
  },
  {
   "cell_type": "code",
   "execution_count": 24,
   "metadata": {},
   "outputs": [
    {
     "data": {
      "text/html": [
       "<div>\n",
       "<style scoped>\n",
       "    .dataframe tbody tr th:only-of-type {\n",
       "        vertical-align: middle;\n",
       "    }\n",
       "\n",
       "    .dataframe tbody tr th {\n",
       "        vertical-align: top;\n",
       "    }\n",
       "\n",
       "    .dataframe thead th {\n",
       "        text-align: right;\n",
       "    }\n",
       "</style>\n",
       "<table border=\"1\" class=\"dataframe\">\n",
       "  <thead>\n",
       "    <tr style=\"text-align: right;\">\n",
       "      <th></th>\n",
       "      <th>datetime</th>\n",
       "      <th>season</th>\n",
       "      <th>holiday</th>\n",
       "      <th>workingday</th>\n",
       "      <th>weather</th>\n",
       "      <th>temp</th>\n",
       "      <th>atemp</th>\n",
       "      <th>humidity</th>\n",
       "      <th>windspeed</th>\n",
       "      <th>month</th>\n",
       "      <th>hour</th>\n",
       "      <th>weekday</th>\n",
       "    </tr>\n",
       "  </thead>\n",
       "  <tbody>\n",
       "  </tbody>\n",
       "</table>\n",
       "</div>"
      ],
      "text/plain": [
       "Empty DataFrame\n",
       "Columns: [datetime, season, holiday, workingday, weather, temp, atemp, humidity, windspeed, month, hour, weekday]\n",
       "Index: []"
      ]
     },
     "execution_count": 24,
     "metadata": {},
     "output_type": "execute_result"
    }
   ],
   "source": [
    "df_test['month'] = df_test['datetime'].dt.month\n",
    "df_test['hour'] = df_test['datetime'].dt.hour\n",
    "df_test['weekday'] = df_test['datetime'].dt.weekday\n",
    "df_test.head(0)"
   ]
  },
  {
   "cell_type": "code",
   "execution_count": 25,
   "metadata": {},
   "outputs": [],
   "source": [
    "categoryVariableList = [\"hour\",\"weekday\",\"month\",\"season\",\"weather\",\"holiday\",\"workingday\"]\n",
    "for var in categoryVariableList:\n",
    "    df_test[var] = df_test[var].astype(\"category\")"
   ]
  },
  {
   "cell_type": "code",
   "execution_count": 26,
   "metadata": {},
   "outputs": [],
   "source": [
    "df_test.drop(['datetime'], inplace=True, axis=1)"
   ]
  },
  {
   "cell_type": "code",
   "execution_count": 27,
   "metadata": {},
   "outputs": [
    {
     "data": {
      "text/html": [
       "<div>\n",
       "<style scoped>\n",
       "    .dataframe tbody tr th:only-of-type {\n",
       "        vertical-align: middle;\n",
       "    }\n",
       "\n",
       "    .dataframe tbody tr th {\n",
       "        vertical-align: top;\n",
       "    }\n",
       "\n",
       "    .dataframe thead th {\n",
       "        text-align: right;\n",
       "    }\n",
       "</style>\n",
       "<table border=\"1\" class=\"dataframe\">\n",
       "  <thead>\n",
       "    <tr style=\"text-align: right;\">\n",
       "      <th></th>\n",
       "      <th>season</th>\n",
       "      <th>holiday</th>\n",
       "      <th>workingday</th>\n",
       "      <th>weather</th>\n",
       "      <th>temp</th>\n",
       "      <th>atemp</th>\n",
       "      <th>humidity</th>\n",
       "      <th>windspeed</th>\n",
       "      <th>month</th>\n",
       "      <th>hour</th>\n",
       "      <th>weekday</th>\n",
       "    </tr>\n",
       "  </thead>\n",
       "  <tbody>\n",
       "  </tbody>\n",
       "</table>\n",
       "</div>"
      ],
      "text/plain": [
       "Empty DataFrame\n",
       "Columns: [season, holiday, workingday, weather, temp, atemp, humidity, windspeed, month, hour, weekday]\n",
       "Index: []"
      ]
     },
     "execution_count": 27,
     "metadata": {},
     "output_type": "execute_result"
    }
   ],
   "source": [
    "df_test.head(0)"
   ]
  },
  {
   "cell_type": "code",
   "execution_count": 28,
   "metadata": {},
   "outputs": [
    {
     "data": {
      "text/html": [
       "<div>\n",
       "<style scoped>\n",
       "    .dataframe tbody tr th:only-of-type {\n",
       "        vertical-align: middle;\n",
       "    }\n",
       "\n",
       "    .dataframe tbody tr th {\n",
       "        vertical-align: top;\n",
       "    }\n",
       "\n",
       "    .dataframe thead th {\n",
       "        text-align: right;\n",
       "    }\n",
       "</style>\n",
       "<table border=\"1\" class=\"dataframe\">\n",
       "  <thead>\n",
       "    <tr style=\"text-align: right;\">\n",
       "      <th></th>\n",
       "      <th>season</th>\n",
       "      <th>holiday</th>\n",
       "      <th>workingday</th>\n",
       "      <th>weather</th>\n",
       "      <th>temp</th>\n",
       "      <th>atemp</th>\n",
       "      <th>humidity</th>\n",
       "      <th>windspeed</th>\n",
       "      <th>month</th>\n",
       "      <th>hour</th>\n",
       "      <th>weekday</th>\n",
       "    </tr>\n",
       "  </thead>\n",
       "  <tbody>\n",
       "  </tbody>\n",
       "</table>\n",
       "</div>"
      ],
      "text/plain": [
       "Empty DataFrame\n",
       "Columns: [season, holiday, workingday, weather, temp, atemp, humidity, windspeed, month, hour, weekday]\n",
       "Index: []"
      ]
     },
     "execution_count": 28,
     "metadata": {},
     "output_type": "execute_result"
    }
   ],
   "source": [
    "X_train.head(0)"
   ]
  },
  {
   "cell_type": "code",
   "execution_count": 29,
   "metadata": {},
   "outputs": [
    {
     "data": {
      "text/plain": [
       "array([ 14.7,   4.7,   4.7, ..., 116.2, 109.2,  49.1])"
      ]
     },
     "execution_count": 29,
     "metadata": {},
     "output_type": "execute_result"
    }
   ],
   "source": [
    "rfr.predict(df_test)"
   ]
  },
  {
   "cell_type": "code",
   "execution_count": 30,
   "metadata": {},
   "outputs": [],
   "source": [
    "pred_list = (rfr.predict(df_test)).tolist()"
   ]
  },
  {
   "cell_type": "code",
   "execution_count": 31,
   "metadata": {},
   "outputs": [],
   "source": [
    "get_datetime = pd.read_csv('test.csv')"
   ]
  },
  {
   "cell_type": "code",
   "execution_count": 32,
   "metadata": {},
   "outputs": [],
   "source": [
    "csv_final = {'datetime': get_datetime['datetime'],\n",
    "             'count': pred_list}"
   ]
  },
  {
   "cell_type": "code",
   "execution_count": 33,
   "metadata": {},
   "outputs": [],
   "source": [
    "csv_ultrafinal = pd.DataFrame(csv_final,columns= ['datetime', 'count'])"
   ]
  },
  {
   "cell_type": "code",
   "execution_count": 34,
   "metadata": {},
   "outputs": [],
   "source": [
    "csv_ultrafinal.set_index('datetime', inplace=True)"
   ]
  },
  {
   "cell_type": "code",
   "execution_count": 35,
   "metadata": {},
   "outputs": [],
   "source": [
    "csv_ultrafinal.to_csv(r'carol_bikesharing_prediction_second.csv')"
   ]
  },
  {
   "cell_type": "markdown",
   "metadata": {},
   "source": [
    "# 7. Cross Validation"
   ]
  },
  {
   "cell_type": "code",
   "execution_count": 36,
   "metadata": {},
   "outputs": [],
   "source": [
    "from sklearn.model_selection import cross_val_score"
   ]
  },
  {
   "cell_type": "code",
   "execution_count": 37,
   "metadata": {},
   "outputs": [
    {
     "data": {
      "text/plain": [
       "array([0.81880121, 0.81625912, 0.80336831, 0.84213702, 0.79709522,\n",
       "       0.79135898, 0.76312377, 0.81292626, 0.82339954, 0.79174047])"
      ]
     },
     "execution_count": 37,
     "metadata": {},
     "output_type": "execute_result"
    }
   ],
   "source": [
    "acc = cross_val_score(rfr, X_test, y_test, cv=10)\n",
    "acc"
   ]
  },
  {
   "cell_type": "code",
   "execution_count": 38,
   "metadata": {},
   "outputs": [],
   "source": [
    "#Which factors contribute most to the number of bicycles being checkout out over the course of a given day?\n",
    "#R: Temp/atemp, humidity, hour\n",
    "#How much of an impact does weather have on demand?\n",
    "#R: The worst the weather, the less people taking bikes.\n",
    "#Which stations see the most traffic? (total number of pick-ups and drop-offs)\n",
    "#Which stations are the most under-utilized?\n",
    "#How does the behavior of casual users differ from members / subscribers? (e.g. seasonal variation, average duration of each ride)\n",
    "#How much money is made from casual users (i.e. anything including single-trips to 5-day passes) in each region, per month?\n",
    "#Any other analysis / visualizations that you think will help them in understanding rider / customer behavior better!"
   ]
  },
  {
   "cell_type": "code",
   "execution_count": null,
   "metadata": {},
   "outputs": [],
   "source": []
  },
  {
   "cell_type": "code",
   "execution_count": null,
   "metadata": {},
   "outputs": [],
   "source": []
  },
  {
   "cell_type": "code",
   "execution_count": null,
   "metadata": {},
   "outputs": [],
   "source": []
  }
 ],
 "metadata": {
  "kernelspec": {
   "display_name": "Python 3",
   "language": "python",
   "name": "python3"
  },
  "language_info": {
   "codemirror_mode": {
    "name": "ipython",
    "version": 3
   },
   "file_extension": ".py",
   "mimetype": "text/x-python",
   "name": "python",
   "nbconvert_exporter": "python",
   "pygments_lexer": "ipython3",
   "version": "3.7.1"
  }
 },
 "nbformat": 4,
 "nbformat_minor": 2
}
